<?xml version="1.0" encoding="iso-8859-1"?>
<sspaceex xmlns="http://www-verimag.imag.fr/xml-namespaces/sspaceex" version="0.2" math="SpaceEx">
  <component id="core_component">
    <param name="x1" type="real" local="false" d1="1" d2="1" dynamics="any" />
    <param name="x2" type="real" local="false" d1="1" d2="1" dynamics="any" />
    <param name="x3" type="real" local="false" d1="1" d2="1" dynamics="any" />
    <param name="x4" type="real" local="false" d1="1" d2="1" dynamics="any" />
    <param name="x5" type="real" local="false" d1="1" d2="1" dynamics="any" />
    <param name="x6" type="real" local="false" d1="1" d2="1" dynamics="any" />
    <param name="x7" type="real" local="false" d1="1" d2="1" dynamics="any" />
    <param name="x8" type="real" local="false" d1="1" d2="1" dynamics="any" />
    <param name="x9" type="real" local="false" d1="1" d2="1" dynamics="any" />
    <param name="x10" type="real" local="false" d1="1" d2="1" dynamics="any" />
    <param name="x11" type="real" local="false" d1="1" d2="1" dynamics="any" />
    <param name="x12" type="real" local="false" d1="1" d2="1" dynamics="any" />
    <param name="x13" type="real" local="false" d1="1" d2="1" dynamics="any" />
    <param name="x14" type="real" local="false" d1="1" d2="1" dynamics="any" />
    <param name="x15" type="real" local="false" d1="1" d2="1" dynamics="any" />
    <param name="x16" type="real" local="false" d1="1" d2="1" dynamics="any" />
    <param name="x17" type="real" local="false" d1="1" d2="1" dynamics="any" />
    <param name="x18" type="real" local="false" d1="1" d2="1" dynamics="any" />
    <param name="x19" type="real" local="false" d1="1" d2="1" dynamics="any" />
    <param name="x20" type="real" local="false" d1="1" d2="1" dynamics="any" />
    <param name="x21" type="real" local="false" d1="1" d2="1" dynamics="any" />
    <param name="x22" type="real" local="false" d1="1" d2="1" dynamics="any" />
    <param name="x23" type="real" local="false" d1="1" d2="1" dynamics="any" />
    <param name="x24" type="real" local="false" d1="1" d2="1" dynamics="any" />
    <param name="x25" type="real" local="false" d1="1" d2="1" dynamics="any" />
    <param name="y1" type="real" local="false" d1="1" d2="1" dynamics="any" />
    <param name="t" type="real" local="false" d1="1" d2="1" dynamics="any" />
    <param name="u1" type="real" local="false" d1="1" d2="1" dynamics="const" />
    <param name="stoptime" type="real" local="false" d1="1" d2="1" dynamics="const" />
    <location id="1" name="Model" x="362.0" y="430.0" width="426.0" height="610.0">
     <invariant>t &lt;= stoptime 
 &amp;y1 == 0.064531*x2 - 0.0061322*x1 - 0.00069603*x3 - 0.062226*x4 - 0.0035048*x5 + 0.047228*x6 + 0.021423*x7 + 0.0093666*x8 + 0.01125*x9 + 0.011919*x10 + 0.038892*x11 - 0.0043369*x12 + 0.019912*x13 + 0.0035327*x14 - 0.021347*x15 + 0.010931*x16 + 0.015447*x17 - 0.0047429*x18 - 0.026489*x19 - 0.010964*x20 + 0.015614*x21 + 0.0057539*x22 - 0.0031636*x23 + 0.0077653*x24 + 0.01408*x25</invariant>
     <flow> x1' == 0.0061322*u1 - 0.0075102*x1 + 5.2756*x2 - 0.00096238*x3 - 0.6634*x4 - 0.006689*x5 + 0.16081*x6 + 0.070705*x7 + 0.01843*x8 + 0.033143*x9 + 0.025063*x10 + 0.1069*x11 - 0.0095973*x12 + 0.054215*x13 + 0.0078958*x14 - 0.05736*x15 + 0.024685*x16 + 0.040765*x17 - 0.010856*x18 - 0.067596*x19 - 0.025887*x20 + 0.039427*x21 + 0.013699*x22 - 0.0079146*x23 + 0.018636*x24 + 0.0349*x25
 &amp;x2' == 0.064531*u1 - 5.2756*x1 - 0.85737*x2 + 0.090377*x3 + 0.92166*x4 + 0.13158*x5 - 0.97335*x6 - 0.44973*x7 - 0.33292*x8 - 0.25467*x9 - 0.38152*x10 - 0.92917*x11 + 0.12951*x12 - 0.47949*x13 - 0.10417*x14 + 0.51986*x15 - 0.31826*x16 - 0.38214*x17 + 0.13586*x18 + 0.67589*x19 + 0.30305*x20 - 0.40248*x21 - 0.15757*x22 + 0.082289*x23 - 0.21083*x24 - 0.36967*x25
 &amp;x3' == 0.00069603*u1 - 0.00096238*x1 - 0.090377*x2 - 0.00012541*x3 - 13.542*x4 - 0.00092367*x5 + 0.026749*x6 + 0.011595*x7 + 0.0025622*x8 + 0.0051874*x9 + 0.0035389*x10 + 0.016317*x11 - 0.0013727*x12 + 0.0082485*x13 + 0.0011323*x14 - 0.0086882*x15 + 0.0035495*x16 + 0.006138*x17 - 0.0015667*x18 - 0.010069*x19 - 0.0037681*x20 + 0.0058539*x21 + 0.0019988*x22 - 0.0011718*x23 + 0.0027253*x24 + 0.0051525*x25
 &amp;x4' == 0.6634*x1 - 0.062226*u1 + 0.92166*x2 + 13.542*x3 - 1.004*x4 - 0.17895*x5 + 1.117*x6 + 0.51795*x7 + 0.44311*x8 + 0.29783*x9 + 0.4893*x10 + 1.0996*x11 - 0.1625*x12 + 0.56846*x13 + 0.13022*x14 - 0.61793*x15 + 0.39633*x16 + 0.45592*x17 - 0.16839*x18 - 0.81243*x19 - 0.37189*x20 + 0.48501*x21 + 0.19289*x22 - 0.099388*x23 + 0.25749*x24 + 0.44754*x25
 &amp;x5' == 0.0035048*u1 - 0.006689*x1 - 0.13158*x2 - 0.00092367*x3 + 0.17895*x4 - 0.008656*x5 + 23.761*x6 + 1.1717*x7 + 0.024823*x8 + 0.13715*x9 + 0.037225*x10 + 0.3119*x11 - 0.015556*x12 + 0.15229*x13 + 0.013037*x14 - 0.15325*x15 + 0.041572*x16 + 0.10221*x17 - 0.018779*x18 - 0.15243*x19 - 0.047836*x20 + 0.086238*x21 + 0.025799*x22 - 0.016872*x23 + 0.03575*x24 + 0.072562*x25
 &amp;x6' == 0.047228*u1 - 0.16081*x1 - 0.97335*x2 - 0.026749*x3 + 1.117*x4 - 23.761*x5 - 1.5873*x6 - 0.75053*x7 - 4.9343*x8 - 0.4724*x9 - 1.9409*x10 - 1.8836*x11 + 0.4708*x12 - 0.98584*x13 - 0.36077*x14 + 1.0912*x15 - 1.0524*x16 - 0.82663*x17 + 0.42507*x18 + 1.5577*x19 + 0.8505*x20 - 0.94836*x21 - 0.431*x22 + 0.1979*x23 - 0.56345*x24 - 0.90839*x25
 &amp;x7' == 0.021423*u1 - 0.070705*x1 - 0.44973*x2 - 0.011595*x3 + 0.51795*x4 - 1.1717*x5 - 0.75053*x6 - 0.35552*x7 - 6.1681*x8 - 0.22575*x9 - 1.0964*x10 - 0.90761*x11 + 0.24584*x12 - 0.47568*x13 - 0.18672*x14 + 0.52758*x15 - 0.54028*x16 - 0.40092*x17 + 0.21626*x18 + 0.7607*x19 + 0.42574*x20 - 0.4643*x21 - 0.21498*x22 + 0.097117*x23 - 0.28018*x24 - 0.44693*x25
 &amp;x8' == 0.01843*x1 - 0.0093666*u1 + 0.33292*x2 + 0.0025622*x3 - 0.44311*x4 + 0.024823*x5 + 4.9343*x6 + 6.1681*x7 - 0.071566*x8 - 0.55207*x9 - 0.10886*x10 - 1.0701*x11 + 0.046135*x12 - 0.51571*x13 - 0.038788*x14 + 0.5106*x15 - 0.12411*x16 - 0.33411*x17 + 0.056335*x18 + 0.48418*x19 + 0.14532*x20 - 0.27186*x21 - 0.078672*x22 + 0.052862*x23 - 0.10943*x24 - 0.22603*x25
 &amp;x9' == 0.01125*u1 - 0.033143*x1 - 0.25467*x2 - 0.0051874*x3 + 0.29783*x4 - 0.13715*x5 - 0.4724*x6 - 0.22575*x7 + 0.55207*x8 - 0.14992*x9 - 14.126*x10 - 0.62987*x11 + 0.31572*x12 - 0.33265*x13 - 0.21843*x14 + 0.37322*x15 - 0.58543*x16 - 0.28865*x17 + 0.2165*x18 + 0.5702*x19 + 0.37568*x20 - 0.35338*x21 - 0.18495*x22 + 0.075008*x23 - 0.23586*x24 - 0.3508*x25
 &amp;x10' == 0.025063*x1 - 0.011919*u1 + 0.38152*x2 + 0.0035389*x3 - 0.4893*x4 + 0.037225*x5 + 1.9409*x6 + 1.0964*x7 - 0.10886*x8 + 14.126*x9 - 0.17215*x10 - 3.3095*x11 + 0.075998*x12 - 1.4714*x13 - 0.064505*x14 + 1.3304*x15 - 0.20858*x16 - 0.79123*x17 + 0.0961*x18 + 1.0116*x19 + 0.25807*x20 - 0.55122*x21 - 0.14149*x22 + 0.10468*x23 - 0.19933*x24 - 0.43801*x25
 &amp;x11' == 0.038892*u1 - 0.1069*x1 - 0.92917*x2 - 0.016317*x3 + 1.0996*x4 - 0.3119*x5 - 1.8836*x6 - 0.90761*x7 + 1.0701*x8 - 0.62987*x9 + 3.3095*x10 - 2.775*x11 + 33.887*x12 - 1.4783*x13 - 4.2421*x14 + 1.681*x15 - 7.0272*x16 - 1.3278*x17 + 1.9037*x18 + 2.7616*x19 + 2.3853*x20 - 1.7475*x21 - 1.1165*x22 + 0.37867*x23 - 1.3677*x24 - 1.8134*x25
 &amp;x12' == 0.0043369*u1 - 0.0095973*x1 - 0.12951*x2 - 0.0013727*x3 + 0.1625*x4 - 0.015556*x5 - 0.4708*x6 - 0.24584*x7 + 0.046135*x8 - 0.31572*x9 + 0.075998*x10 - 33.887*x11 - 0.035149*x12 + 5.3142*x13 + 0.030178*x14 - 2.004*x15 + 0.098851*x16 + 0.76441*x17 - 0.046413*x18 - 0.68774*x19 - 0.1316*x20 + 0.35165*x21 + 0.073468*x22 - 0.063767*x23 + 0.10548*x24 + 0.25647*x25
 &amp;x13' == 0.019912*u1 - 0.054215*x1 - 0.47949*x2 - 0.0082485*x3 + 0.56846*x4 - 0.15229*x5 - 0.98584*x6 - 0.47568*x7 + 0.51571*x8 - 0.33265*x9 + 1.4714*x10 - 1.4783*x11 - 5.3142*x12 - 0.78885*x13 - 6.3028*x14 + 0.8993*x15 - 5.5426*x16 - 0.71326*x17 + 1.2481*x18 + 1.4992*x19 + 1.3858*x20 - 0.95287*x21 - 0.63934*x22 + 0.20742*x23 - 0.77471*x24 - 0.99862*x25
 &amp;x14' == 0.0078958*x1 - 0.0035327*u1 + 0.10417*x2 + 0.0011323*x3 - 0.13022*x4 + 0.013037*x5 + 0.36077*x6 + 0.18672*x7 - 0.038788*x8 + 0.21843*x9 - 0.064505*x10 + 4.2421*x11 + 0.030178*x12 + 6.3028*x13 - 0.025985*x14 + 4.0141*x15 - 0.085403*x16 - 0.90605*x17 + 0.040299*x18 + 0.67019*x19 + 0.116*x20 - 0.33398*x21 - 0.065099*x22 + 0.059526*x23 - 0.093993*x24 - 0.2361*x25
 &amp;x15' == 0.05736*x1 - 0.021347*u1 + 0.51986*x2 + 0.0086882*x3 - 0.61793*x4 + 0.15325*x5 + 1.0912*x6 + 0.52758*x7 - 0.5106*x8 + 0.37322*x9 - 1.3304*x10 + 1.681*x11 + 2.004*x12 + 0.8993*x13 - 4.0141*x14 - 1.0293*x15 + 25.029*x16 + 0.82174*x17 - 2.2144*x18 - 1.7568*x19 - 1.8344*x20 + 1.1248*x21 + 0.82295*x22 - 0.2467*x23 + 0.97717*x24 + 1.1984*x25
 &amp;x16' == 0.024685*x1 - 0.010931*u1 + 0.31826*x2 + 0.0035495*x3 - 0.39633*x4 + 0.041572*x5 + 1.0524*x6 + 0.54028*x7 - 0.12411*x8 + 0.58543*x9 - 0.20858*x10 + 7.0272*x11 + 0.098851*x12 + 5.5426*x13 - 0.085403*x14 - 25.029*x15 - 0.28178*x16 - 5.2574*x17 + 0.13374*x18 + 2.5965*x19 + 0.39194*x20 - 1.2454*x21 - 0.22136*x22 + 0.21662*x23 - 0.32184*x24 - 0.84302*x25
 &amp;x17' == 0.015447*u1 - 0.040765*x1 - 0.38214*x2 - 0.006138*x3 + 0.45592*x4 - 0.10221*x5 - 0.82663*x6 - 0.40092*x7 + 0.33411*x8 - 0.28865*x9 + 0.79123*x10 - 1.3278*x11 - 0.76441*x12 - 0.71326*x13 + 0.90605*x14 + 0.82174*x15 + 5.2574*x16 - 0.66309*x17 + 17.109*x18 + 1.459*x19 + 1.9658*x20 - 0.94622*x21 - 0.82437*x22 + 0.21036*x23 - 0.93564*x24 - 1.0388*x25
 &amp;x18' == 0.0047429*u1 - 0.010856*x1 - 0.13586*x2 - 0.0015667*x3 + 0.16839*x4 - 0.018779*x5 - 0.42507*x6 - 0.21626*x7 + 0.056335*x8 - 0.2165*x9 + 0.0961*x10 - 1.9037*x11 - 0.046413*x12 - 1.2481*x13 + 0.040299*x14 + 2.2144*x15 + 0.13374*x16 - 17.109*x17 - 0.06404*x18 - 1.6725*x19 - 0.19303*x20 + 0.73578*x21 + 0.11016*x22 - 0.12175*x23 + 0.162*x24 + 0.45685*x25
 &amp;x19' == 0.067596*x1 - 0.026489*u1 + 0.67589*x2 + 0.010069*x3 - 0.81243*x4 + 0.15243*x5 + 1.5577*x6 + 0.7607*x7 - 0.48418*x8 + 0.5702*x9 - 1.0116*x10 + 2.7616*x11 + 0.68774*x12 + 1.4992*x13 - 0.67019*x14 - 1.7568*x15 - 2.5965*x16 + 1.459*x17 + 1.6725*x18 - 3.4902*x19 - 43.011*x20 + 2.3567*x21 + 5.364*x22 - 0.54804*x23 + 4.215*x24 + 2.8697*x25
 &amp;x20' == 0.010964*u1 - 0.025887*x1 - 0.30305*x2 - 0.0037681*x3 + 0.37189*x4 - 0.047836*x5 - 0.8505*x6 - 0.42574*x7 + 0.14532*x8 - 0.37568*x9 + 0.25807*x10 - 2.3853*x11 - 0.1316*x12 - 1.3858*x13 + 0.116*x14 + 1.8344*x15 + 0.39194*x16 - 1.9658*x17 - 0.19303*x18 + 43.011*x19 - 0.64105*x20 + 9.1153*x21 + 0.38035*x22 - 0.83839*x23 + 0.58524*x24 + 2.4006*x25
 &amp;x21' == 0.015614*u1 - 0.039427*x1 - 0.40248*x2 - 0.0058539*x3 + 0.48501*x4 - 0.086238*x5 - 0.94836*x6 - 0.4643*x7 + 0.27186*x8 - 0.35338*x9 + 0.55122*x10 - 1.7475*x11 - 0.35165*x12 - 0.95287*x13 + 0.33398*x14 + 1.1248*x15 + 1.2454*x16 - 0.94622*x17 - 0.73578*x18 + 2.3567*x19 - 9.1153*x20 - 1.6258*x21 - 31.193*x22 + 0.38782*x23 - 5.2114*x24 - 2.1052*x25
 &amp;x22' == 0.013699*x1 - 0.0057539*u1 + 0.15757*x2 + 0.0019988*x3 - 0.19289*x4 + 0.025799*x5 + 0.431*x6 + 0.21498*x7 - 0.078672*x8 + 0.18495*x9 - 0.14149*x10 + 1.1165*x11 + 0.073468*x12 + 0.63934*x13 - 0.065099*x14 - 0.82295*x15 - 0.22136*x16 + 0.82437*x17 + 0.11016*x18 - 5.364*x19 + 0.38035*x20 + 31.193*x21 - 0.22958*x22 + 0.92349*x23 - 0.36086*x24 - 1.8997*x25
 &amp;x23' == 0.0079146*x1 - 0.0031636*u1 + 0.082289*x2 + 0.0011718*x3 - 0.099388*x4 + 0.016872*x5 + 0.1979*x6 + 0.097117*x7 - 0.052862*x8 + 0.075008*x9 - 0.10468*x10 + 0.37867*x11 + 0.063767*x12 + 0.20742*x13 - 0.059526*x14 - 0.2467*x15 - 0.21662*x16 + 0.21036*x17 + 0.12175*x18 - 0.54804*x19 + 0.83839*x20 + 0.38782*x21 - 0.92349*x22 - 0.095516*x23 + 36.406*x24 + 0.54426*x25
 &amp;x24' == 0.018636*x1 - 0.0077653*u1 + 0.21083*x2 + 0.0027253*x3 - 0.25749*x4 + 0.03575*x5 + 0.56345*x6 + 0.28018*x7 - 0.10943*x8 + 0.23586*x9 - 0.19933*x10 + 1.3677*x11 + 0.10548*x12 + 0.77471*x13 - 0.093993*x14 - 0.97717*x15 - 0.32184*x16 + 0.93564*x17 + 0.162*x18 - 4.215*x19 + 0.58524*x20 + 5.2114*x21 - 0.36086*x22 - 36.406*x23 - 0.58299*x24 - 4.9116*x25
 &amp;x25' == 0.01408*u1 - 0.0349*x1 - 0.36967*x2 - 0.0051525*x3 + 0.44754*x4 - 0.072562*x5 - 0.90839*x6 - 0.44693*x7 + 0.22603*x8 - 0.3508*x9 + 0.43801*x10 - 1.8134*x11 - 0.25647*x12 - 0.99862*x13 + 0.2361*x14 + 1.1984*x15 + 0.84302*x16 - 1.0388*x17 - 0.45685*x18 + 2.8697*x19 - 2.4006*x20 - 2.1052*x21 + 1.8997*x22 + 0.54426*x23 + 4.9116*x24 - 3.3655*x25
 &amp;t' == 1</flow>
     </location>
   </component>     <component id="sys">
    <param name="x1" type="real" local="false" d1="1" d2="1" dynamics="any" controlled="true" />
    <param name="x2" type="real" local="false" d1="1" d2="1" dynamics="any" controlled="true" />
    <param name="x3" type="real" local="false" d1="1" d2="1" dynamics="any" controlled="true" />
    <param name="x4" type="real" local="false" d1="1" d2="1" dynamics="any" controlled="true" />
    <param name="x5" type="real" local="false" d1="1" d2="1" dynamics="any" controlled="true" />
    <param name="x6" type="real" local="false" d1="1" d2="1" dynamics="any" controlled="true" />
    <param name="x7" type="real" local="false" d1="1" d2="1" dynamics="any" controlled="true" />
    <param name="x8" type="real" local="false" d1="1" d2="1" dynamics="any" controlled="true" />
    <param name="x9" type="real" local="false" d1="1" d2="1" dynamics="any" controlled="true" />
    <param name="x10" type="real" local="false" d1="1" d2="1" dynamics="any" controlled="true" />
    <param name="x11" type="real" local="false" d1="1" d2="1" dynamics="any" controlled="true" />
    <param name="x12" type="real" local="false" d1="1" d2="1" dynamics="any" controlled="true" />
    <param name="x13" type="real" local="false" d1="1" d2="1" dynamics="any" controlled="true" />
    <param name="x14" type="real" local="false" d1="1" d2="1" dynamics="any" controlled="true" />
    <param name="x15" type="real" local="false" d1="1" d2="1" dynamics="any" controlled="true" />
    <param name="x16" type="real" local="false" d1="1" d2="1" dynamics="any" controlled="true" />
    <param name="x17" type="real" local="false" d1="1" d2="1" dynamics="any" controlled="true" />
    <param name="x18" type="real" local="false" d1="1" d2="1" dynamics="any" controlled="true" />
    <param name="x19" type="real" local="false" d1="1" d2="1" dynamics="any" controlled="true" />
    <param name="x20" type="real" local="false" d1="1" d2="1" dynamics="any" controlled="true" />
    <param name="x21" type="real" local="false" d1="1" d2="1" dynamics="any" controlled="true" />
    <param name="x22" type="real" local="false" d1="1" d2="1" dynamics="any" controlled="true" />
    <param name="x23" type="real" local="false" d1="1" d2="1" dynamics="any" controlled="true" />
    <param name="x24" type="real" local="false" d1="1" d2="1" dynamics="any" controlled="true" />
    <param name="x25" type="real" local="false" d1="1" d2="1" dynamics="any" controlled="true" />
    <param name="t" type="real" local="false" d1="1" d2="1" dynamics="any" controlled="true" />
    <param name="stoptime" type="real" local="false" d1="1" d2="1" dynamics="const" controlled="true" />
    <param name="y1" type="real" local="false" d1="1" d2="1" dynamics="any" controlled="true" />
    <param name="u1" type="real" local="false" d1="1" d2="1" dynamics="const" controlled="true" />
     <bind component="core_component" as="model">
       <map key="x1">x1</map>
       <map key="x2">x2</map>
       <map key="x3">x3</map>
       <map key="x4">x4</map>
       <map key="x5">x5</map>
       <map key="x6">x6</map>
       <map key="x7">x7</map>
       <map key="x8">x8</map>
       <map key="x9">x9</map>
       <map key="x10">x10</map>
       <map key="x11">x11</map>
       <map key="x12">x12</map>
       <map key="x13">x13</map>
       <map key="x14">x14</map>
       <map key="x15">x15</map>
       <map key="x16">x16</map>
       <map key="x17">x17</map>
       <map key="x18">x18</map>
       <map key="x19">x19</map>
       <map key="x20">x20</map>
       <map key="x21">x21</map>
       <map key="x22">x22</map>
       <map key="x23">x23</map>
       <map key="x24">x24</map>
       <map key="x25">x25</map>
       <map key="t">t</map>
       <map key="stoptime">stoptime</map>
       <map key="y1">y1</map>
       <map key="u1">u1</map>
    </bind>
  </component>
</sspaceex>